6728857;0;-1,401298E-45;-0,1590641;-4,096014E-06
292514;-999,9999;-5,728835E-06;0;0
6728374;-2,956058E-05;0;0;-999,9999
6716207;0;0;-400;-784
2054186654;-23,75736;-8,412832;-0,02532586;-0,02498757
2054186125;-108,0962;-0,0003308415;-0,0006477714;-1000
2054186608;-0,2529762;-5,812451E-05;-504,1323;-0,03018021
2054174487;-480,0681;-0,2328286;-1000;-23,51437
6728903;-0,002151614;-1,018184E-06;0;-1,03568E-07
2053906813;-117,0606;-999,9972;-0,0001930209;-0,004126618
6449016;0;-999,9999;0;-2,099959E-05
292537;-640;0;0;0
292560;-999,9999;-0,003220159;0;0
2053906767;-0,09545687;-999,9781;-323,7216;-3,128594E-05
2054186079;-0,0002561109;-37,32505;-300,0007;-999,9999
2047750265;-999,9999;-1,20956;-18,91372;-7,894244
6728328;0;0;-2,347105E-06;-999,9999
291985;-870,4;0;0;-400
6716736;-1,818838E-07;0;-999,9999;0
2054174441;0;0;-999,9869;-1,401298E-45
2054186631;-0,1310072;-0,1216931;-0,08955982;-65,24476
2047750288;-999,7179;-108,0815;-0,1592139;-564,2324
12673;-784;-400;0;0
2047470424;-953,344;-870,4;-23,328;-0,7953054
6448533;0;0;0;-400
2047750311;-1000;0;-0,07247188;-0,000571319
2053906790;-3,669677E-05;-996,3721;-0,0007960529;-311,378
2054186102;-0,000180871;-696,7763;-0,008267561;-972,0064
2053894646;0;-400;-870,4;0
6449062;-3,562858E-05;-999,9999;0;-0,0002694878
2054174464;-0,2983065;-296,454;-993,954;-345,7823
6448487;0;0;0;-400
2047470470;0;-784;-0,002712893;0
6728880;0;0;0;0
6449039;0;-784;0;0
6716713;0;0;-640;0
2053894623;0;-400;0;0
6716690;0;0;-999,8984;0
2047738098;-400;0;-400;0
2047470447;0;-400;0;-180,0509
2054173912;0;0;-640;-640
2054173958;0;-20,736;-400;0
6436872;0;0;0;0
6716161;0;0;0;-400
6436895;0;-784;-784;-2,023186
12719;-870,4;-400;0;0
280393;0;0;0;0
6436849;0;-400;0;0
2047738121;-640;-300;0;0
280347;-640;0;-640;0
6728351;0;0;0;-640
2054173935;0;0;0;-400
2047738144;0;0;0;0
2053894600;0;0;0;0
2047749759;-400;0;0;0
2053906284;0;0;-0,001092768;-400
12696;0;0;0;0