6728328;0;0;0;-999,9634
2054186608;-0,0003466391;-1,089045;-1,832675;-0,0003554299
6728903;0;0;0;0
2054186654;-13,5216;-1,365097E-08;0;-0,0005117517
2054186125;-17,41193;-185,0388;0;-999,9634
2054186631;-0,004698422;-92,68488;0;-5,100158
2053906790;0;-922,24;0;-480
6716736;0;0;-999,9781;0
6716690;0;0;-996,372;0
6449016;0;-993,9534;0;0
2053906813;0;-999,8984;0;0
6449039;0;-784;0;0
6449062;0;-999,9953;0;0
6728857;-2,15693E-05;-3,277544E-05;-0,000260997;-2,725549E-06
2054174441;-0,005734737;0;-993,9534;-180,0008
2047750265;-999,9999;-0,03510616;-0,001815951;-0,08722186
2047750288;-972,0064;-364,8;0;-201,1668
2047750311;-989,9223;0;0;0
292560;-996,372;0;0;0
2054174487;-39,15214;-0,6715661;-999,999;0
291985;0;0;0;-400
292514;-999,9999;-6,201173E-05;-0,0001352502;-0,0001207695
280347;-400;0;0;0
6448487;0;-400;0;-400
2054186079;0;-0,001045928;-23,32851;-999,7179
2053906767;-0,001531085;-999,7179;0;-0,0001848742
2053894623;0;-400;0;0
6728880;0;0;0;0
6436895;0;-400;0;0
6448533;0;0;0;-400
6716713;0;0;-400;0
2054174464;-0,0005315003;-76,2048;-870,4;-22,39488
2054186102;0;-300;0;-972,0064
6728351;0;0;0;0
2054173912;0;0;0;-400
6728374;0;0;0;-997,8232
2054173958;0;0;-640;-400
12719;-784;-784;0;0
2047470470;-922,24;-784;0;0
2047738144;0;0;0;0
12673;-400;-870,4;0;0
6716207;0;0;0;0
2053894646;0;-400;-640;0
2047470424;-400;-640;0;-300,005
2047749736;-400;-0,001072649;0;0
2047738098;-400;0;-400;0
2053906261;0;-400;0;0
6716161;0;0;0;-400
2047749759;0;0;0;0
2047470447;0;-400;0;0
292537;-400;0;0;0
2053906238;0;0;0;-400
2054173935;0;0;-400;0
2047738121;-400;0;0;0